0.6009389671361502	2069	2200
0.6009852216748769	2103	2575
0.6009852216748769	2237	2507
0.601010101010101	2040	2520
0.6010362694300518	2237	2275
0.6010362694300518	2352	2521
0.6010362694300518	2139	2556
0.601063829787234	2108	2485
0.601063829787234	2112	2307
0.601063829787234	1997	2638
0.601063829787234	2308	2495
0.6010928961748634	1997	2020
0.6010928961748634	2121	2646
0.601123595505618	2046	2550
0.6017699115044248	1078	1610
0.6019900497512438	2069	2095
0.6019900497512438	1946	2556
0.6019900497512438	2104	2575
0.6019900497512438	2115	2184
0.6020408163265306	2521	2553
0.6020408163265306	2084	2630
0.6020408163265306	2033	2575
0.6020408163265306	1997	2395
0.6020942408376964	2077	2271
0.6020942408376964	2033	2216
0.6021505376344086	2356	2484
0.6021505376344086	2352	2467
0.6025641025641025	1972	2365
0.6028708133971292	2526	2546
0.6029411764705882	2339	2495
0.6029411764705882	2109	2150
0.6029411764705882	2001	2202
0.6030927835051546	2077	2615
0.6030927835051546	2423	2430
0.6031746031746031	2083	2308
0.6031746031746031	1997	2069
0.6032608695652174	2121	2485
0.6032608695652174	2212	2257
0.6033519553072626	2212	2359
0.603448275862069	1929	2165
0.603448275862069	2216	2430
0.6037735849056604	2770	2970
0.6040609137055838	2184	2467
0.6040609137055838	2093	2334
0.6041666666666666	1986	2005
0.6041666666666666	2165	2326
0.6041666666666666	1382	1848
0.6041666666666666	2261	2395
0.6042780748663101	2115	2578
0.6042780748663101	2112	2212
0.6042780748663101	2276	2430
0.6043956043956044	2063	2504
0.6043956043956044	1929	2063
0.6045197740112994	2216	2654
0.6048780487804878	1971	1986
0.6049382716049383	2086	2237
0.605	2348	2404
0.6050955414012739	2165	2506
0.6051282051282051	2043	2386
0.6052631578947368	2095	2348
0.6052631578947368	2086	2124
0.6052631578947368	2086	2460
0.6054054054054054	2108	2216
0.6054054054054054	2046	2278
0.6054054054054054	2086	2549
0.6056338028169014	1973	1991
0.6056338028169014	2560	2575
0.6057142857142858	2485	2546
0.6059113300492611	1946	2646
0.6059322033898306	2266	2495
0.6060606060606061	2329	2521
0.6060606060606061	3553	3850
0.6060606060606061	1966	2122
0.6060606060606061	1985	2433
0.6062176165803109	2033	2485
0.6062176165803109	2430	2619
0.60625	2241	2510
0.6063348416289592	2037	2339
0.6063829787234043	2485	2559
0.6065573770491803	2020	2086
0.6067415730337079	2359	2386
0.6069651741293532	2395	2546
0.6071428571428571	3608	3835
0.6073298429319371	2109	2356
0.6073298429319371	2575	2638
0.6074766355140186	1986	2428
0.6075268817204301	2020	2063
0.6076555023923444	1983	2485
0.6077348066298343	2482	2556
0.6077348066298343	2121	2216
0.6077348066298343	2212	2504
0.6077348066298343	2046	2069
0.6077348066298343	2005	2115
0.6077348066298343	1929	2212
0.6078431372549019	2556	2590
0.6080402010050251	2201	2623
0.6080402010050251	2077	2188
0.6081871345029239	2115	2386
0.6081871345029239	2469	2539
0.6081871345029239	1793	1902
0.6082474226804123	2253	2299
0.6082474226804123	2093	2109
0.6082474226804123	2063	2140
0.6084656084656085	2020	2430
0.6084656084656085	2115	2374
0.6084656084656085	2460	2646
0.6084656084656085	2020	2122
0.6086956521739131	576	670
0.6086956521739131	3498	3608
0.6086956521739131	2131	2646
0.6086956521739131	2446	2469
0.6086956521739131	1997	2446
0.6086956521739131	2261	2363
0.6086956521739131	469	509
0.6086956521739131	595	665
0.6086956521739131	576	599
0.6089108910891089	1966	2408
0.6089108910891089	2040	2630
0.6089108910891089	2404	2561
0.6089385474860335	1997	2408
0.6089743589743589	2046	2165
0.6091370558375635	1971	2063
0.6091954022988506	1929	2261
0.6091954022988506	2216	2433
0.6091954022988506	2063	2386
0.609375	2095	2561
0.609375	2423	2546
0.609375	2495	2578
0.609375	2278	2469
0.6094674556213018	1925	2433
0.6095238095238096	2063	2369
0.6096256684491979	2257	2430
0.6097560975609756	1983	2556
0.6098901098901099	2108	2261
0.6098901098901099	2077	2363
0.6098901098901099	2308	2485
0.6102564102564103	2261	2275
0.6102564102564103	2276	2482
0.6105263157894737	2271	2484
0.6105263157894737	2495	2549
0.6105263157894737	2122	2482
0.6105263157894737	2261	2354
0.6105769230769231	1983	2115
0.6106194690265486	412	497
0.6106870229007634	1104	1459
0.6108108108108108	2467	2655
0.6108108108108108	2261	2460
0.6108374384236454	2253	2404
0.6111111111111112	2118	2556
0.6111111111111112	357	380
0.6111111111111112	636	654
0.6111111111111112	2237	2638
0.6113989637305699	1986	2020
0.6113989637305699	2109	2381
0.6113989637305699	2467	2500
0.6116504854368932	1983	2216
0.6117021276595744	2386	2619
0.6117021276595744	2261	2278
0.6117021276595744	2356	2556
0.6118721461187214	2430	2611
0.6119402985074627	2154	2619
0.6119402985074627	2077	2088
0.6119402985074627	2006	2640
0.6120218579234973	2276	2521
0.6121212121212121	2077	2539
0.6122448979591837	2121	2551
0.6122448979591837	1997	2104
0.6122448979591837	2040	2578
0.6123595505617978	1997	2573
0.612565445026178	1986	2561
0.6127450980392157	2103	2495
0.6127450980392157	2244	2261
0.6129032258064516	1363	1568
0.6129032258064516	1232	1363
0.6129032258064516	2086	2108
0.6129032258064516	1997	2520
0.6130653266331658	1943	2261
0.6132596685082873	2359	2495
0.6132596685082873	1929	2521
0.6134020618556701	2045	2485
0.6134020618556701	1979	2485
0.6134969325153374	2237	2386
0.6135265700483091	1983	1997
0.6138613861386139	2040	2043
0.6140350877192983	2469	2521
0.6141304347826086	2074	2469
0.6141304347826086	2482	2485
0.6142131979695431	2376	2386
0.6142131979695431	1918	2253
0.6144578313253012	1082	1636
0.6145833333333334	2257	2561
0.6145833333333334	2005	2561
0.6145833333333334	2043	2115
0.6146341463414634	2331	2521
0.6146341463414634	2331	2575
0.6149068322981367	1945	2180
0.6149425287356322	2623	2654
0.6149425287356322	2212	2307
0.6149732620320856	2257	2433
0.615	2520	2551
0.615	2190	2561
0.615	2216	2601
0.6153846153846154	2467	2593
0.6153846153846154	2115	2370
0.6153846153846154	3819	3871
0.6153846153846154	725	789
0.6153846153846154	2077	2433
0.6153846153846154	3871	3892
0.6153846153846154	1371	1493
0.6153846153846154	2299	2482
0.6153846153846154	2253	2551
0.6153846153846154	975	1120
0.6153846153846154	2069	2359
0.6157635467980296	2121	2404
0.6157635467980296	2404	2551
0.6157635467980296	2261	2309
0.6157894736842106	2083	2482
0.6157894736842106	2083	2154
0.6157894736842106	2354	2467
0.615819209039548	2430	2539
0.6161616161616161	2040	2655
0.6164383561643836	1066	1751
0.616504854368932	2040	2500
0.616580310880829	2115	2381
0.616580310880829	2546	2655
0.616580310880829	2140	2521
0.6166666666666667	2504	2539
0.6167664670658682	2046	2433
0.6170212765957447	2386	2520
0.6170212765957447	2086	2374
0.6170212765957447	2169	2241
0.6173469387755102	1979	2307
0.6173469387755102	2074	2561
0.6174863387978142	2165	2374
0.6174863387978142	2467	2638
0.6176470588235294	1314	1568
0.6176470588235294	2539	2601
0.6178010471204188	2359	2550
0.6178010471204188	2115	2630
0.6178010471204188	2460	2539
0.6178010471204188	2063	2374
0.6179775280898876	2074	2484
0.6179775280898876	2408	2469
0.6179775280898876	2115	2573
0.6180904522613065	1918	2446
0.6180904522613065	2354	2495
0.6182795698924731	2154	2521
0.6182795698924731	2086	2423
0.6185567010309279	1918	2408
0.6185567010309279	2521	2630
0.6185567010309279	2308	2551
0.6185567010309279	2124	2495
0.6187845303867403	1997	2370
0.6188118811881188	1979	2348
0.6188118811881188	2124	2551
0.6190476190476191	1316	1848
0.6190476190476191	2538	2583
0.6190476190476191	1971	2467
0.6190476190476191	2257	2348
0.6190476190476191	2423	2521
0.6192893401015228	2556	2564
0.6195652173913043	2122	2573
0.6195652173913043	2121	2539
0.6195652173913043	2446	2485
0.6196319018404908	1997	2261
0.6197916666666666	2122	2559
0.6197916666666666	2083	2578
0.6197916666666666	2430	2559
0.62	2271	2546
0.62	2086	2624
0.6201923076923077	2561	2600
0.6203208556149733	2308	2433
0.6203703703703703	1986	2324
0.6204379562043796	1948	2180
0.6206896551724138	2086	2122
0.6206896551724138	2150	2485
0.6206896551724138	1997	2359
0.6208530805687204	2240	2575
0.6208791208791209	2370	2485
0.6208791208791209	2299	2539
0.6208791208791209	2112	2469
0.6208791208791209	1929	2546
0.6210526315789474	2212	2352
0.6210526315789474	2299	2408
0.6212121212121212	2045	2495
0.6212121212121212	1986	2190
0.6212121212121212	1971	2495
0.621301775147929	2046	2348
0.6213592233009708	2257	2395
0.6213592233009708	1918	2037
0.6216216216216216	1314	1452
0.6216216216216216	2308	2546
0.6216216216216216	1997	2559
0.6216216216216216	992	1137
0.6216216216216216	2154	2539
0.6216216216216216	2095	2122
0.6216216216216216	2109	2423
0.6217616580310881	2212	2553
0.6217616580310881	2278	2386
0.6217616580310881	2046	2601
0.6217948717948718	2032	2052
0.6218905472636815	1938	2485
0.622093023255814	2386	2539
0.6222222222222222	1495	1742
0.6223175965665236	1985	2276
0.6223404255319149	2546	2549
0.6223404255319149	2083	2121
0.6225490196078431	2184	2495
0.6225490196078431	1979	2561
0.6226415094339622	1914	1957
0.6229508196721312	2115	2446
0.6229508196721312	2109	2550
0.6231155778894473	1984	2495
0.6231155778894473	2404	2408
0.6231155778894473	2030	2086
0.6231884057971014	2284	2640
0.6231884057971014	2180	2196
0.6235955056179775	2216	2308
0.6236559139784946	2121	2546
0.6236559139784946	2446	2521
0.6236559139784946	1918	2307
0.6237113402061856	2043	2521
0.6237113402061856	2257	2482
0.6237113402061856	1984	2485
0.6237623762376238	2030	2063
0.6237623762376238	2095	2278
0.6238095238095238	2324	2546
0.6238095238095238	2037	2655
0.6243093922651933	2261	2559
0.6243386243386243	2433	2482
0.6243386243386243	2005	2573
0.6243654822335025	2308	2619
0.625	725	802
0.625	86	131
0.625	3513	3716
0.625	2997	3028
0.625	2007	2068
0.625	2359	2573
0.625	3013	3058
0.625	2022	2645
0.625	1929	2469
0.625	3766	3920
0.625	2229	2546
0.625	2933	3155
0.625	2982	3311
0.625	3739	3857
0.625	1260	1310
0.625	2216	2395
0.625	985	1759
0.625	1108	1732
0.625	1434	1905
0.625	919	1848
0.625	1917	2109
0.625	3857	3912
0.625	2290	2575
0.625	3723	3925
0.6256410256410256	2104	2115
0.6256410256410256	2257	2550
0.6256684491978609	2212	2619
0.6256684491978609	1997	2460
0.6256983240223464	2386	2573
0.6256983240223464	2046	2374
0.6256983240223464	1929	2539
0.6258064516129033	1330	1902
0.6261682242990654	2307	2611
0.6262626262626263	2275	2485
0.6262626262626263	2154	2550
0.6263157894736842	2374	2575
0.6264367816091954	1925	2020
0.6265060240963856	1997	2469
0.6265060240963856	1431	1707
0.6265060240963856	1953	2359
0.6268656716417911	1102	1824
0.6268656716417911	1927	1998
0.6269430051813472	2095	2482
0.6269430051813472	2112	2276
0.6270270270270271	2093	2237
0.6272189349112426	1997	2539
0.6274509803921569	1108	1245
0.6274509803921569	1943	2539
0.6275510204081632	2108	2257
0.6275510204081632	2033	2430
0.6275510204081632	1918	2370
0.6275510204081632	2276	2520
0.6276595744680851	2520	2521
0.628140703517588	2376	2495
0.628140703517588	1984	2122
0.628140703517588	2040	2356
0.628140703517588	2257	2460
0.6284153005464481	2348	2433
0.6287128712871287	2109	2188
0.6288659793814433	2045	2212
0.6288659793814433	2095	2550
0.6290322580645161	2504	2573
0.6290322580645161	2573	2654
0.6292134831460674	2299	2469
0.6292134831460674	2261	2549
0.6294416243654822	2043	2083
0.6294416243654822	2271	2521
0.6294416243654822	2069	2408
0.6296296296296297	1986	2299
0.6296296296296297	2546	2578
0.6296296296296297	3608	3636
0.63	2352	2551
0.6302083333333334	2539	2553
0.6302083333333334	1962	2077
0.6302083333333334	2046	2201
0.6302083333333334	2124	2546
0.6302083333333334	2370	2561
0.6303317535545023	1993	2063
0.6305418719211823	2073	2115
0.6307692307692307	1966	2430
0.6307692307692307	2467	2624
0.6308724832214765	2241	2461
0.6309523809523809	1298	1576
0.6310160427807486	2539	2559
0.631578947368421	2006	2633
0.631578947368421	2170	2515
0.631578947368421	2426	2515
0.6318407960199005	2200	2561
0.6318407960199005	1943	2086
0.6318681318681318	2122	2654
0.6324324324324324	2074	2212
0.6324324324324324	2237	2409
0.6326530612244898	2040	2190
0.6326530612244898	2180	2463
0.6326530612244898	2063	2395
0.6326530612244898	2601	2623
0.6328502415458938	2433	2526
0.6329787234042553	2069	2386
0.6329787234042553	2139	2261
0.6329787234042553	2352	2386
0.6331360946745562	2261	2433
0.6331658291457286	2220	2467
0.6331658291457286	2278	2654
0.6333333333333333	1986	2601
0.6333333333333333	2077	2655
0.6333333333333333	2115	2410
0.6336633663366337	2037	2253
0.6338797814207651	2063	2121
0.6338797814207651	2469	2578
0.634020618556701	2093	2212
0.634020618556701	2356	2495
0.634020618556701	2112	2253
0.634020618556701	2212	2354
0.6341463414634146	1137	1787
0.6341463414634146	2073	2539
0.6341463414634146	2069	2363
0.6342592592592593	2074	2526
0.6342857142857142	1929	1997
0.6344086021505376	2482	2546
0.6345177664974619	1986	2460
0.6346153846153846	2040	2624
0.635	2115	2428
0.6354166666666666	2043	2212
0.6358695652173914	2276	2359
0.6363636363636364	2077	2326
0.6363636363636364	576	577
0.6363636363636364	2095	2573
0.6363636363636364	2212	2638
0.6363636363636364	1601	1747
0.6363636363636364	2115	2118
0.6363636363636364	2401	2490
0.6363636363636364	861	886
0.6363636363636364	1333	1363
0.6363636363636364	2115	2564
0.6363636363636364	576	635
0.6363636363636364	1929	2526
0.6363636363636364	2124	2257
0.6363636363636364	861	882
0.6368421052631579	2253	2276
0.6368715083798883	2521	2573
0.6369047619047619	2165	2433
0.6372549019607843	1971	2551
0.6373056994818653	2299	2446
0.6373626373626373	2433	2654
0.6377551020408163	2469	2625
0.6377551020408163	2201	2556
0.6378378378378379	2109	2352
0.6378378378378379	2109	2190
0.6384180790960452	2086	2095
0.6386138613861386	2037	2551
0.639344262295082	2408	2433
0.639344262295082	2108	2115
0.6395348837209303	1997	2433
0.6395939086294417	2040	2140
0.6395939086294417	2257	2655
0.6397058823529411	2742	3434
0.639751552795031	1793	1849
0.6397849462365591	2020	2359
0.6398104265402843	1986	2172
0.64	1953	2578
0.64	2069	2112
0.64	635	647
0.6401869158878505	2410	2546
0.6402116402116402	2063	2460
0.6402116402116402	2005	2257
0.6403940886699507	1929	2600
0.6404494382022472	2307	2654
0.640625	2069	2433
0.640625	2024	2657
0.640625	2043	2307
0.6408839779005525	2261	2374
0.6408839779005525	2430	2654
0.6410256410256411	2423	2561
0.6410256410256411	2212	2326
0.6410256410256411	2095	2638
0.6411483253588517	2122	2324
0.6414141414141414	2290	2521
0.6414141414141414	1938	2086
0.6417112299465241	2308	2504
0.6417112299465241	2154	2433
0.6417910447761194	1997	2220
0.6424870466321243	2122	2140
0.642512077294686	2109	2218
0.6428571428571429	1997	2578
0.6428571428571429	108	309
0.6428571428571429	380	381
0.6428571428571429	3541	3857
0.6428571428571429	2861	3105
0.6428571428571429	108	135
0.6428571428571429	3598	3840
0.6428571428571429	2370	2521
0.6428571428571429	3766	3783
0.6428571428571429	1971	2122
0.6431924882629108	2037	2093
0.6432160804020101	2083	2326
0.6432432432432432	2539	2578
0.6432432432432432	2212	2578
0.6436170212765957	2356	2485
0.6436170212765957	2348	2370
0.6436170212765957	2190	2307
0.6436170212765957	2546	2559
0.643979057591623	2290	2467
0.643979057591623	1986	2446
0.6443298969072165	2005	2619
0.6443298969072165	2122	2630
0.6444444444444445	2005	2521
0.6446700507614214	2354	2433
0.645	2083	2339
0.645	2069	2446
0.6451612903225806	2124	2485
0.6455026455026455	2433	2578
0.6455026455026455	2154	2348
0.6456310679611651	2253	2600
0.6458333333333334	1971	2539
0.6458333333333334	2083	2460
0.6458333333333334	2086	2271
0.6461538461538462	1998	2024
0.6464646464646465	2276	2356
0.6464646464646465	2551	2655
0.6467065868263473	1945	2279
0.6467391304347826	2074	2521
0.6467391304347826	2386	2578
0.6467661691542289	2430	2615
0.6470588235294118	2374	2539
0.6470588235294118	1266	1544
0.6470588235294118	2124	2386
0.6470588235294118	2115	2356
0.6470588235294118	2257	2408
0.6470588235294118	1918	2359
0.6470588235294118	2513	2515
0.6470588235294118	3657	3917
0.6470588235294118	2959	3311
0.6470588235294118	380	551
0.6470588235294118	2122	2550
0.6473429951690821	2184	2299
0.6473684210526316	2200	2539
0.6476190476190476	2495	2560
0.6477272727272727	1929	2386
0.6479591836734694	2109	2118
0.6479591836734694	2095	2460
0.6479591836734694	2184	2485
0.6483516483516484	2386	2446
0.6485148514851485	2115	2369
0.6486486486486487	1929	2276
0.6486486486486487	2108	2521
0.648936170212766	2299	2561
0.648936170212766	2276	2308
0.648936170212766	2370	2573
0.648936170212766	2140	2386
0.6492146596858639	2154	2561
0.6492890995260664	2324	2504
0.6494845360824743	2109	2615
0.6497695852534562	1929	2611
0.65	2121	2386
0.65	2376	2654
0.6502732240437158	1929	2348
0.6502732240437158	2433	2561
0.6505376344086021	2005	2040
0.6507936507936508	2020	2095
0.6510416666666666	1986	2578
0.6512820512820513	2370	2619
0.6512820512820513	1997	2586
0.6512820512820513	1962	1997
0.6515151515151515	2045	2654
0.6519337016574586	2433	2573
0.6521739130434783	597	598
0.6521739130434783	2348	2408
0.6521739130434783	3906	3947
0.6526315789473685	2115	2139
0.6528497409326425	2074	2253
0.6528497409326425	2033	2122
0.6530612244897959	2307	2323
0.6532663316582915	1984	2504
0.6532663316582915	2112	2124
0.6534653465346535	2404	2578
0.6536312849162011	2521	2561
0.6536585365853659	2103	2299
0.6538461538461539	2408	2526
0.6538461538461539	2207	2401
0.6540284360189573	2037	2381
0.654054054054054	2112	2122
0.6545454545454545	2253	2611
0.654639175257732	2352	2408
0.6551724137931034	1946	2495
0.6551724137931034	1981	2415
0.6555023923444976	2381	2404
0.6557377049180327	2307	2550
0.6558139534883721	2257	2560
0.6559633027522935	2095	2229
0.656084656084656	2216	2326
0.656084656084656	1929	2550
0.65625	938	958
0.65625	2095	2108
0.65625	619	680
0.65625	2408	2520
0.65625	2276	2578
0.6565656565656566	2030	2307
0.6565656565656566	1962	2575
0.6565656565656566	2020	2404
0.6566265060240963	2086	2386
0.6567164179104478	2504	2600
0.6567164179104478	1918	1966
0.6568627450980392	1966	2638
0.6568627450980392	2131	2212
0.6570048309178744	2430	2590
0.6571428571428571	1986	2073
0.6574074074074074	2037	2275
0.657608695652174	2020	2433
0.6578947368421053	2326	2469
0.6581632653061225	2083	2139
0.6581632653061225	2043	2348
0.6581632653061225	2190	2253
0.6581632653061225	2363	2551
0.6584158415841584	2200	2550
0.6584158415841584	2040	2414
0.6585365853658537	2546	2604
0.6588235294117647	2433	2469
0.659217877094972	2020	2386
0.659217877094972	2308	2521
0.6593406593406593	2521	2549
0.6595744680851063	2110	2274
0.6596858638743456	2299	2550
0.6597938144329897	2140	2348
0.66	2020	2043
0.66	2003	2274
0.6600985221674877	1979	2446
0.6601941747572816	1938	1986
0.6610169491525424	2115	2121
0.6614583333333334	2190	2504
0.6614583333333334	2271	2386
0.6615384615384615	2090	2109
0.6615384615384615	2074	2550
0.6616161616161617	2546	2593
0.6616161616161617	2492	2504
0.6616915422885572	2040	2339
0.6618357487922706	2083	2369
0.6619718309859155	1986	2240
0.6624203821656051	2463	2555
0.6628571428571428	1662	1793
0.6630434782608695	2140	2469
0.6630434782608695	2539	2638
0.6632124352331606	2103	2485
0.6632124352331606	2190	2408
0.6632653061224489	2030	2386
0.6633165829145728	2121	2200
0.6633165829145728	2140	2482
0.6633663366336634	2253	2376
0.6633663366336634	2122	2331
0.6635514018691588	2184	2404
0.6636363636363637	1198	1339
0.6647727272727273	2370	2469
0.6648648648648648	2386	2460
0.6648648648648648	2190	2212
0.6649214659685864	2307	2354
0.6649484536082474	1918	2550
0.6649484536082474	2095	2124
0.6649484536082474	1979	2083
0.6649484536082474	2086	2586
0.6649746192893401	2086	2150
0.665	2140	2550
0.665	2200	2482
0.6650485436893204	2309	2546
0.6650717703349283	2040	2542
0.6666666666666666	2005	2520
0.6666666666666666	825	893
0.6666666666666666	1253	1326
0.6666666666666666	2037	2150
0.6666666666666666	240	267
0.6666666666666666	138	293
0.6666666666666666	379	499
0.6666666666666666	1353	1394
0.6666666666666666	476	564
0.6666666666666666	699	743
0.6666666666666666	6	327
0.6666666666666666	582	647
0.6666666666666666	193	245
0.6666666666666666	245	264
0.6666666666666666	2889	3283
0.6666666666666666	379	386
0.6666666666666666	193	264
0.6666666666666666	3653	3749
0.6666666666666666	3482	3840
0.6666666666666666	2433	2655
0.6666666666666666	1169	1756
0.6666666666666666	1984	2359
0.6666666666666666	1071	1326
0.6666666666666666	2122	2395
0.6666666666666666	3012	3368
0.6666666666666666	147	327
0.6666666666666666	68	102
0.6666666666666666	70	97
0.6666666666666666	2276	2428
0.6666666666666666	635	665
0.6666666666666666	3541	3819
0.6666666666666666	35	321
0.6666666666666666	1394	1693
0.6666666666666666	2093	2551
0.6666666666666666	61	267
0.6666666666666666	486	518
0.6666666666666666	110	245
0.6666666666666666	576	582
0.6666666666666666	2037	2363
0.6666666666666666	4018	4019
0.6666666666666666	2722	3006
0.6666666666666666	155	267
0.6666666666666666	877	887
0.6666666666666666	2495	2615
0.6666666666666666	357	381
0.6666666666666666	1533	1648
0.6666666666666666	110	193
0.6666666666666666	1319	1787
0.6666666666666666	3498	3590
0.6666666666666666	873	877
0.6666666666666666	112	138
0.6666666666666666	3660	3953
0.6666666666666666	70	253
0.6666666666666666	4005	4036
0.6666666666666666	2020	2074
0.6666666666666666	70	71
0.6666666666666666	3983	3992
0.6666666666666666	36	139
0.6666666666666666	1993	2083
0.6682692307692307	2504	2542
0.6682926829268293	2348	2526
0.6682926829268293	2409	2619
0.6683168316831684	2200	2578
0.6683417085427136	2043	2551
0.6683937823834197	2140	2504
0.6685082872928176	2504	2654
0.6685714285714286	1929	2307
0.6699029126213593	1971	2069
0.6699507389162561	2005	2103
0.6699507389162561	2103	2257
0.67	2404	2619
0.67	1986	2500
0.6700507614213198	2093	2573
0.6702127659574468	2395	2469
0.6704545454545454	2212	2276
0.6707317073170732	2386	2469
0.6707317073170732	1997	2386
0.6712328767123288	203	252
0.6714975845410628	2083	2309
0.6715686274509803	1917	2348
0.6715686274509803	2064	2299
0.6717171717171717	2045	2257
0.6717948717948717	2083	2376
0.6717948717948717	2005	2140
0.6717948717948717	2090	2485
0.6717948717948717	2307	2593
0.671875	2007	2336
0.671957671957672	2433	2460
0.671957671957672	2005	2549
0.6720430107526881	2308	2561
0.6720430107526881	2112	2654
0.6721311475409836	1929	2299
0.6722222222222223	2276	2433
0.672514619883041	2386	2433
0.6728110599078341	2037	2331
0.6731707317073171	2526	2573
0.6731707317073171	2549	2600
0.6733668341708543	1984	2005
0.6733668341708543	2482	2553
0.673469387755102	2539	2564
0.6735751295336787	2423	2551
0.6735751295336787	2069	2299
0.6736842105263158	2348	2363
0.6736842105263158	2083	2140
0.6737967914438503	2005	2121
0.6739130434782609	2109	2553
0.6744186046511628	2307	2359
0.6745283018867925	2428	2619
0.6746411483253588	2309	2504
0.6747572815533981	1918	2103
0.6747572815533981	1966	2200
0.6748768472906403	2095	2184
0.675	2308	2376
0.675	2104	2276
0.6752577319587629	2118	2485
0.6752577319587629	2409	2433
0.6752577319587629	2033	2040
0.675392670157068	2359	2630
0.6758241758241759	2370	2433
0.6759776536312849	2359	2408
0.6761363636363636	2054	2471
0.6764705882352942	992	1493
0.6764705882352942	2037	2124
0.6764705882352942	958	963
0.6767676767676768	1966	2482
0.6767676767676768	2348	2500
0.6770186335403726	2212	2467
0.6770833333333334	2020	2619
0.6774193548387096	2430	2638
0.6774193548387096	2093	2469
0.6778846153846154	2188	2561
0.6780487804878049	2122	2602
0.6780487804878049	1917	2276
0.6782178217821783	2037	2638
0.6782178217821783	2112	2395
0.678391959798995	1971	2370
0.6785714285714286	2278	2299
0.6785714285714286	2352	2446
0.6785714285714286	2043	2257
0.6785714285714286	2112	2460
0.6789473684210526	1929	2069
0.6793478260869565	2121	2348
0.6794258373205742	1966	2395
0.6795580110497238	2460	2469
0.6796116504854369	2040	2188
0.6796116504854369	2339	2619
0.6798029556650246	1986	2624
0.6798029556650246	2257	2625
0.68	1979	2154
0.6802030456852792	2121	2630
0.6804123711340206	2064	2539
0.6807511737089202	2363	2526
0.6810810810810811	2020	2408
0.6811594202898551	2139	2404
0.6811594202898551	1966	1979
0.6811594202898551	2331	2551
0.681592039800995	2212	2602
0.681592039800995	2040	2625
0.6818181818181818	1990	2403
0.6818181818181818	2600	2654
0.6820512820512821	2005	2553
0.6820512820512821	2550	2638
0.6826923076923077	1993	2359
0.6826923076923077	2278	2381
0.6829268292682927	2359	2602
0.6831683168316832	1938	2504
0.6831683168316832	2253	2323
0.6834170854271356	2404	2559
0.6836734693877551	2040	2492
0.6839378238341969	2154	2520
0.6842105263157895	1944	2637
0.6842105263157895	1918	2428
0.6844660194174758	2339	2423
0.6844919786096256	2005	2154
0.6844919786096256	2112	2299
0.6844919786096256	2124	2430
0.6845238095238095	2068	2292
0.6847290640394089	2124	2200
0.685	2257	2600
0.685	1971	2446
0.6852791878172588	2095	2409
0.6852791878172588	2045	2308
0.6855670103092784	2386	2564
0.6855670103092784	2112	2363
0.6858638743455497	2253	2423
0.6868686868686869	2299	2376
0.6868686868686869	2323	2654
0.6875	3541	3917
0.6875	2108	2112
0.6875	3595	3819
0.6875	3008	3311
0.6875	3657	3874
0.6875	2553	2654
0.6878612716763006	2292	2336
0.6881188118811881	1966	2460
0.6881188118811881	2414	2551
0.6881720430107527	2122	2655
0.6884422110552764	1984	2370
0.6886792452830188	2410	2504
0.6887755102040817	2020	2033
0.6887755102040817	2200	2551
0.6896551724137931	2323	2482
0.6896551724137931	2299	2386
0.69	1984	2154
0.6901408450704225	2218	2257
0.6903553299492385	1938	2546
0.6906077348066298	2521	2559
0.6907216494845361	1918	2363
0.6909871244635193	2142	2200
0.6914893617021277	2276	2619
0.6915422885572139	2069	2356
0.6923076923076923	2423	2520
0.6923076923076923	108	139
0.6927374301675978	2308	2359
0.6927374301675978	2374	2469
0.693069306930693	2356	2404
0.6931216931216931	1929	2460
0.6934673366834171	2253	2271
0.6944444444444444	2408	2573
0.6944444444444444	1137	1880
0.6944444444444444	1216	1648
0.6944444444444444	1493	1533
0.6951871657754011	2108	2408
0.6951871657754011	2045	2307
0.6952380952380952	2526	2559
0.6956521739130435	2172	2551
0.6956521739130435	582	665
0.6961325966850829	2095	2408
0.6968085106382979	2561	2578
0.6968085106382979	2352	2654
0.696969696969697	2492	2551
0.696969696969697	958	1378
0.6974358974358974	2271	2504
0.698019801980198	2500	2550
0.6982248520710059	2469	2573
0.6984126984126984	2154	2446
0.6987179487179487	1662	1849
0.6990291262135923	2005	2607
0.6990291262135923	2112	2331
0.7	886	888
0.7	1951	2365
0.7	2323	2526
0.7	4009	4018
0.7	3083	3336
0.7	882	888
0.7	2095	2123
0.7004608294930875	2409	2526
0.7004830917874396	2037	2376
0.7009803921568627	2043	2200
0.7010309278350515	2093	2408
0.7010309278350515	2139	2573
0.7014925373134329	2069	2278
0.7014925373134329	2354	2520
0.7014925373134329	2326	2550
0.7019230769230769	1993	2504
0.7021276595744681	2074	2121
0.7021276595744681	2124	2348
0.7025641025641025	2190	2619
0.7029702970297029	2551	2625
0.703125	1927	2645
0.7035175879396985	2500	2551
0.7037037037037037	2408	2460
0.7038834951456311	2104	2404
0.7040816326530612	2276	2326
0.7045454545454546	2469	2559
0.7049180327868853	2083	2423
0.7050691244239631	2037	2590
0.7052631578947368	2460	2561
0.7055837563451777	1917	2122
0.7058823529411765	3783	3967
0.7058823529411765	3675	3701
0.7058823529411765	2699	3423
0.7058823529411765	992	1319
0.7058823529411765	2699	3314
0.7058823529411765	903	958
0.7058823529411765	2348	2374
0.7070707070707071	1962	2348
0.7073170731707317	2220	2257
0.7073170731707317	2354	2630
0.7073170731707317	2172	2253
0.7075471698113207	2542	2638
0.7076923076923077	2352	2559
0.7076923076923077	2083	2625
0.7079207920792079	2482	2615
0.7081339712918661	2139	2376
0.7083333333333334	665	681
0.7083333333333334	640	665
0.7083333333333334	2578	2619
0.7085427135678392	1918	2395
0.7087378640776699	2033	2376
0.7093596059113301	2323	2578
0.7096774193548387	2037	2602
0.71	2359	2607
0.71	2033	2124
0.7101449275362319	2253	2590
0.7102803738317757	1966	2188
0.7103825136612022	1929	2074
0.7106598984771574	1986	2290
0.7106598984771574	2005	2339
0.7107843137254902	2446	2624
0.7109004739336493	2154	2560
0.7111111111111111	2409	2611
0.7114427860696517	1918	2414
0.7114427860696517	2095	2201
0.7116279069767442	1918	2229
0.7120418848167539	2326	2433
0.7121212121212122	2370	2500
0.7121951219512195	2184	2423
0.7121951219512195	2005	2542
0.7128205128205128	2414	2654
0.7128712871287128	2551	2624
0.7128712871287128	2370	2624
0.7135678391959799	2308	2593
0.7135678391959799	2190	2200
0.7142857142857143	992	1232
0.7142857142857143	866	870
0.7142857142857143	879	895
0.7142857142857143	791	802
0.7142857142857143	2736	3424
0.7142857142857143	1979	2103
0.7142857142857143	95	219
0.7142857142857143	2167	2245
0.714975845410628	2095	2240
0.714975845410628	2369	2551
0.7156862745098039	2033	2354
0.7157360406091371	2112	2409
0.7157894736842105	2190	2370
0.7165775401069518	2374	2408
0.7169811320754716	2078	2112
0.7171717171717171	1979	2108
0.7178217821782178	1943	2299
0.7185929648241206	2290	2551
0.7192118226600985	2045	2630
0.72	600	647
0.72	80	302
0.72	647	661
0.72	643	647
0.7204301075268817	2573	2655
0.7210526315789474	2074	2559
0.7219251336898396	2095	2374
0.7225130890052356	2033	2308
0.7227722772277227	2093	2140
0.7227722772277227	2112	2118
0.7228260869565217	2559	2573
0.723404255319149	2299	2460
0.7239583333333334	2020	2630
0.7241379310344828	2154	2331
0.7242990654205608	2352	2560
0.7243243243243244	2121	2446
0.725	2112	2593
0.725	2104	2619
0.7254901960784313	2045	2381
0.7259615384615384	1918	2131
0.7263157894736842	2005	2033
0.7263681592039801	2074	2615
0.7264150943396226	2037	2059
0.7268041237113402	2271	2299
0.7272727272727273	139	309
0.7272727272727273	1601	1648
0.7272727272727273	1648	1880
0.7272727272727273	2799	3141
0.7272727272727273	135	139
0.7272727272727273	266	299
0.7277486910994765	2460	2549
0.7277486910994765	2043	2308
0.7282608695652174	2408	2559
0.7282608695652174	1929	2363
0.7287234042553191	2108	2446
0.729064039408867	1917	2446
0.7295918367346939	2074	2093
0.7297297297297297	2374	2573
0.7298578199052133	2324	2352
0.7298578199052133	2078	2446
0.73	2275	2446
0.7301587301587301	2549	2638
0.7307692307692307	2064	2278
0.7311320754716981	2123	2619
0.7313432835820896	2331	2370
0.7314814814814815	2553	2560
0.7320574162679426	2324	2423
0.7333333333333333	3541	3567
0.7336683417085427	2500	2619
0.7336683417085427	2376	2638
0.7340425531914894	2020	2655
0.7342995169082126	2275	2278
0.734375	2253	2381
0.7345971563981043	2103	2600
0.7346938775510204	2112	2326
0.7357512953367875	2278	2549
0.736318407960199	2276	2607
0.736318407960199	1979	2630
0.736318407960199	2381	2553
0.7368421052631579	576	595
0.7368421052631579	3498	3815
0.7368421052631579	24	254
0.7371134020618557	2064	2654
0.7376237623762376	2059	2551
0.7380952380952381	2324	2374
0.7383177570093458	2404	2464
0.7384615384615385	2005	2290
0.7386934673366834	2093	2124
0.7389162561576355	1979	2354
0.7391304347826086	577	665
0.7397959183673469	2201	2654
0.7414634146341463	2395	2409
0.7422680412371134	2043	2108
0.7425742574257426	2395	2630
0.7427184466019418	1946	2190
0.7431192660550459	1983	2500
0.743455497382199	2005	2492
0.7437185929648241	2414	2619
0.7438423645320197	2045	2492
0.7443946188340808	2339	2611
0.7448979591836735	1971	2638
0.745	1971	2553
0.745	1979	2033
0.7472527472527473	2121	2154
0.7488151658767772	2045	2172
0.75	3657	3912
0.75	3991	4011
0.75	194	330
0.75	406	499
0.75	2020	2139
0.75	2043	2045
0.75	467	499
0.75	499	572
0.75	2100	2548
0.75	2520	2593
0.75	124	155
0.75	2248	2403
0.75	3595	3874
0.751219512195122	2172	2638
0.751219512195122	2140	2564
0.7524752475247525	1938	2423
0.7525773195876289	2140	2460
0.7526881720430108	2549	2559
0.7538461538461538	2354	2559
0.7553191489361702	2520	2559
0.7553648068669528	1985	2593
0.7554347826086957	2074	2549
0.7562189054726368	1918	2150
0.7574257425742574	2033	2339
0.7582938388625592	2271	2428
0.7587939698492462	2112	2201
0.7591623036649214	2190	2655
0.7596153846153846	1979	2601
0.7608695652173914	2233	2414
0.7609756097560976	1984	2323
0.7611940298507462	2356	2600
0.7621621621621621	2020	2374
0.7623762376237624	2033	2414
0.7638190954773869	2190	2414
0.7647058823529411	1984	2600
0.7647058823529411	3701	3708
0.7647058823529411	3473	3657
0.7653061224489796	2352	2492
0.7655502392344498	2200	2604
0.7666666666666667	958	1568
0.7669902912621359	2278	2601
0.7669902912621359	1946	2553
0.7676767676767676	2423	2615
0.7679324894514767	1985	2607
0.7696078431372549	2200	2564
0.77	2064	2374
0.7711442786069652	1946	2423
0.7712765957446809	2374	2559
0.7714285714285715	938	963
0.7722772277227723	2045	2339
0.7733990147783252	2200	2586
0.7740384615384616	1979	2172
0.7741935483870968	1232	1493
0.775609756097561	1984	2625
0.775609756097561	2376	2615
0.7766990291262136	2190	2602
0.7772277227722773	2043	2615
0.7777777777777778	3476	3571
0.7777777777777778	2123	2423
0.7783251231527094	2323	2492
0.7788461538461539	2600	2624
0.7794117647058824	2030	2045
0.780952380952381	1971	2602
0.7810945273631841	2172	2423
0.782608695652174	595	632
0.7830188679245284	2339	2542
0.7832512315270936	2271	2600
0.7844036697247706	2229	2600
0.7853658536585366	1917	1971
0.7857142857142857	381	505
0.7864077669902912	2339	2625
0.7910447761194029	2339	2492
0.7912621359223301	2033	2542
0.7914691943127962	2104	2324
0.7916666666666666	972	1063
0.7920792079207921	2363	2607
0.795	2150	2363
0.7971014492753623	2059	2376
0.7991266375545851	1917	2233
0.8	3541	3739
0.8	878	882
0.8	3595	3892
0.8	1346	1856
0.8	193	201
0.8	110	201
0.8	180	330
0.8	3567	3819
0.8	2	162
0.8	201	264
0.8	1455	1762
0.8	3567	3892
0.8	201	245
0.8	903	938
0.8019323671497585	1946	2600
0.8064516129032258	1232	1319
0.8067632850241546	2492	2542
0.8082901554404145	2190	2500
0.8118811881188119	2381	2601
0.8125	2699	2879
0.8125	3675	3975
0.8164251207729468	1979	2244
0.8181818181818182	2323	2369
0.81875	2068	2336
0.8235294117647058	2320	2513
0.8260869565217391	595	599
0.8333333333333334	2431	2621
0.8333333333333334	3012	3063
0.837696335078534	2033	2492
0.8461538461538461	3594	3639
0.8461538461538461	3594	3919
0.8461538461538461	3581	3919
0.8461538461538461	3581	3639
0.8544600938967136	2088	2369
0.8571428571428571	3516	3594
0.8571428571428571	393	476
0.8571428571428571	3819	3892
0.875	632	681
0.875	3739	3917
0.875	3030	3317
0.8823529411764706	2972	2982
0.8823529411764706	1992	2076
0.9166666666666666	615	650
0.9565217391304348	650	675
1.0	15	74
1.0	3984	4035
1.0	1145	1386
1.0	4015	4035
1.0	443	468
1.0	3853	3974
1.0	112	293
1.0	43	335
1.0	585	602
1.0	3183	3230
1.0	2195	2596
1.0	918	1386
1.0	2269	2470
1.0	2269	2569
1.0	2470	2569
1.0	911	1096
1.0	3481	3523
1.0	607	613
1.0	607	674
1.0	891	892
1.0	12	215
1.0	37	335
1.0	74	335
1.0	3451	3650
1.0	3570	3650
1.0	209	287
1.0	911	1145
1.0	3984	4015
1.0	4015	4024
1.0	692	801
1.0	2457	2470
1.0	18	37
1.0	3798	3853
1.0	1206	1834
1.0	1206	1560
1.0	607	624
1.0	608	668
1.0	602	608
1.0	12	18
1.0	1145	1560
1.0	2195	2470
1.0	11	74
1.0	11	37
1.0	613	674
1.0	3570	3935
1.0	15	287
1.0	1560	1581
1.0	43	74
1.0	3453	3935
1.0	18	209
1.0	638	674
1.0	3453	3729
1.0	1386	1560
1.0	3854	3879
1.0	3453	3709
1.0	1119	1560
1.0	37	210
1.0	1206	1386
1.0	3451	3729
1.0	2704	2740
1.0	1145	1834
1.0	2902	3372
1.0	1386	1581
1.0	3820	3935
1.0	74	215
1.0	918	1560
1.0	2195	2457
1.0	114	215
1.0	74	209
1.0	3856	3935
1.0	3031	3183
1.0	3984	4024
1.0	608	674
1.0	37	43
1.0	3820	3974
1.0	1206	1581
1.0	1119	1581
1.0	210	215
1.0	3570	3729
1.0	3453	3798
1.0	3453	3748
1.0	585	668
1.0	3451	3853
1.0	911	1834
1.0	602	674
1.0	585	638
1.0	3748	3853
1.0	1119	1466
1.0	3639	3919
1.0	52	205
1.0	210	335
1.0	4006	4032
1.0	2269	2457
1.0	3570	3798
1.0	114	292
1.0	911	918
1.0	918	1145
1.0	287	335
1.0	1206	1466
1.0	358	550
1.0	918	1206
1.0	1581	1834
1.0	114	335
1.0	3709	3853
1.0	3729	3853
1.0	4008	4015
1.0	585	607
1.0	18	43
1.0	3798	3935
1.0	12	209
1.0	4008	4024
1.0	12	292
1.0	11	43
1.0	3729	3798
1.0	624	668
1.0	4022	4024
1.0	37	292
1.0	114	210
1.0	607	638
1.0	37	287
1.0	74	114
1.0	1096	1206
1.0	3451	3935
1.0	1466	1581
1.0	12	43
1.0	911	1560
1.0	608	624
1.0	15	335
1.0	1096	1581
1.0	11	292
1.0	3820	3856
1.0	873	887
1.0	11	209
1.0	3451	3453
1.0	90	145
1.0	883	892
1.0	1119	1206
1.0	18	114
1.0	43	292
1.0	1096	1386
1.0	12	335
1.0	613	668
1.0	3453	3650
1.0	287	292
1.0	585	624
1.0	114	209
1.0	1466	1834
1.0	3984	4010
1.0	883	891
1.0	1145	1206
1.0	3729	3820
1.0	4022	4035
1.0	1096	1119
1.0	2079	2470
1.0	15	37
1.0	4008	4035
1.0	2470	2596
1.0	210	292
1.0	43	209
1.0	210	287
1.0	11	114
1.0	3650	3856
1.0	3798	3856
1.0	602	613
1.0	3570	3820
1.0	18	74
1.0	1466	1560
1.0	447	550
1.0	3453	3570
1.0	911	1466
1.0	43	215
1.0	3451	3748
1.0	358	447
1.0	11	15
1.0	2569	2596
1.0	3709	3935
1.0	74	292
1.0	3650	3709
1.0	3650	3820
1.0	2079	2269
1.0	613	624
1.0	3729	3974
1.0	3451	3856
1.0	37	215
1.0	918	1466
1.0	37	114
1.0	3798	3974
1.0	3729	3856
1.0	209	335
1.0	3451	3570
1.0	1096	1560
1.0	911	1581
1.0	15	210
1.0	3748	3798
1.0	215	292
1.0	3709	3729
1.0	215	287
1.0	1386	1466
1.0	12	114
1.0	18	335
1.0	3451	3974
1.0	74	210
1.0	3729	3748
1.0	2457	2569
1.0	43	210
1.0	1096	1834
1.0	585	674
1.0	4010	4015
1.0	12	15
1.0	3071	3183
1.0	2842	3183
1.0	11	287
1.0	3451	3820
1.0	3650	3935
1.0	607	608
1.0	18	292
1.0	624	638
1.0	3570	3974
1.0	241	255
1.0	4010	4022
1.0	624	674
1.0	18	210
1.0	3031	3230
1.0	3709	3798
1.0	11	215
1.0	3748	3974
1.0	3935	3974
1.0	292	335
1.0	11	18
1.0	918	1834
1.0	608	613
1.0	3853	3856
1.0	3453	3856
1.0	15	114
1.0	37	74
1.0	4010	4024
1.0	215	335
1.0	3798	3820
1.0	4010	4035
1.0	1119	1145
1.0	3729	3935
1.0	2195	2569
1.0	608	638
1.0	2079	2457
1.0	3820	3853
1.0	875	883
1.0	3453	3853
1.0	3451	3709
1.0	15	215
1.0	3570	3709
1.0	602	668
1.0	668	674
1.0	15	18
1.0	3709	3974
1.0	209	215
1.0	3748	3856
1.0	3570	3856
1.0	4015	4022
1.0	3650	3853
1.0	3709	3820
1.0	1096	1466
1.0	12	210
1.0	1119	1386
1.0	2382	2541
1.0	97	253
1.0	1096	1145
1.0	15	209
1.0	2842	3071
1.0	3650	3974
1.0	875	892
1.0	18	287
1.0	12	287
1.0	652	673
1.0	15	43
1.0	602	607
1.0	15	292
1.0	1386	1834
1.0	4008	4022
1.0	607	668
1.0	2457	2596
1.0	749	775
1.0	114	287
1.0	3650	3729
1.0	613	638
1.0	12	74
1.0	12	37
1.0	11	12
1.0	43	287
1.0	1119	1834
1.0	918	1119
1.0	209	292
1.0	3748	3820
1.0	2842	3031
1.0	2079	2569
1.0	602	624
1.0	2817	3147
1.0	2269	2596
1.0	3031	3071
1.0	2842	3230
1.0	3071	3230
1.0	11	210
1.0	585	613
1.0	18	215
1.0	3570	3853
1.0	918	1581
1.0	602	638
1.0	3984	4008
1.0	2195	2269
1.0	3748	3935
1.0	4008	4010
1.0	209	210
1.0	74	287
1.0	3856	3974
1.0	3853	3935
1.0	4024	4035
1.0	11	335
1.0	585	608
1.0	3984	4022
1.0	638	668
1.0	3451	3798
1.0	875	891
1.0	3570	3748
1.0	2079	2195
1.0	3709	3748
1.0	43	114
1.0	3453	3820
1.0	3709	3856
1.0	1145	1466
1.0	1560	1834
1.0	1145	1581
1.0	3650	3748
1.0	37	209
1.0	3650	3798
1.0	2079	2596
1.0	911	1119
1.0	911	1206
1.0	911	1386
1.0	918	1096
1.0	3453	3974
